kaldiAudio_0-27 1801 
kaldiAudio_27-135 520 
kaldiAudio_162-297 2108 3374 
kaldiAudio_297-324 1801 
kaldiAudio_324-351 1900 
kaldiAudio_351-864 1318 15117 64766 60180 40640 50929 49712 6680 4901 49780 10890 159 
kaldiAudio_864-1377 54618 10369 57532 10368 41494 14566 66932 70925 3374 7019 630 3497 5112 13105 
kaldiAudio_1377-1593 2108 2108 1067 13088 7679 
kaldiAudio_1620-1647 15117 
kaldiAudio_1647-1674 15117 
kaldiAudio_1674-1701 15117 
kaldiAudio_1701-1782 6816 
kaldiAudio_1782-1809 9159 
kaldiAudio_1809-2187 66597 9941 46064 51567 15102 9956 48244 15102 1 9157 
kaldiAudio_2187-2349 61616 43305 
kaldiAudio_2349-2376 15117 
kaldiAudio_2430-2916 14565 18583 15102 1 6011 15288 
kaldiAudio_2916-2943 15117 
kaldiAudio_2943-3024 2692 
kaldiAudio_3051-3105 36939 
kaldiAudio_3105-3132 15102 
kaldiAudio_3132-3159 15102 
kaldiAudio_3213-3240 15117 
kaldiAudio_3240-3267 15117 
kaldiAudio_3267-3346 57487 5247 1 
